      0/29        6G   0.05878   0.01415   0.03799    0.1109        27       416    0.1119    0.2404    0.1062   0.03579   0.06439   0.04806   0.03656
      1/29       10G   0.04092   0.01378   0.02706   0.08176        40       416    0.4119     0.372    0.3141    0.1412   0.05094   0.04723   0.02784
      2/29       10G   0.03552   0.01298   0.01787   0.06638        18       416    0.5445    0.4854    0.4869    0.2685   0.04766    0.0485   0.02397
      3/29       10G   0.03216   0.01254   0.01312   0.05782        29       416     0.617    0.5627    0.5903    0.3515   0.04288   0.04983    0.0205
      4/29       10G   0.03091   0.01215   0.01145   0.05451        24       416    0.6096    0.5843    0.5965    0.3578   0.04499   0.05155    0.0205
      5/29       10G   0.03091   0.01207   0.01122    0.0542        20       416    0.6163    0.5197    0.5687    0.3269   0.04689   0.05282   0.02137
      6/29       10G   0.03153   0.01223   0.01164    0.0554        19       416    0.5862    0.5579     0.575    0.3429   0.04637   0.05088    0.0207
      7/29       10G   0.03064     0.012   0.01064   0.05328        19       416    0.5998    0.6088    0.6125    0.3667   0.04892   0.05198   0.01937
      8/29       10G    0.0296   0.01156   0.00962   0.05078        21       416    0.6407    0.6298    0.6578    0.4124   0.04936   0.05164   0.01851
      9/29     10.1G   0.02895   0.01139  0.009172   0.04951        13       416    0.6648    0.6478    0.6801    0.4359   0.04374   0.05296    0.0164
     10/29     10.1G   0.02809    0.0112   0.00835   0.04763        12       416    0.6768    0.6503    0.6906    0.4473   0.04699   0.05128   0.01624
     11/29     10.1G   0.02781   0.01099  0.008025   0.04683        25       416    0.6626    0.6744     0.698    0.4498   0.04873   0.05224   0.01672
     12/29     10.1G   0.02758   0.01098  0.007695   0.04626        33       416    0.7064    0.6616    0.7137    0.4728   0.04576   0.05286   0.01597
     13/29     10.1G   0.02696   0.01077  0.007309   0.04504         9       416    0.7048    0.6727    0.7228    0.4806   0.04421   0.05253   0.01548
     14/29     10.1G   0.02637   0.01058  0.006991   0.04394        30       416    0.7312    0.6612    0.7281    0.4865   0.04912    0.0505   0.01602
     15/29     10.1G   0.02604   0.01052  0.006675   0.04323        26       416    0.7287    0.6995    0.7452    0.5012   0.04506   0.05095   0.01517
     16/29     10.1G   0.02547   0.01039  0.006183   0.04205        21       416    0.7212    0.7199    0.7588    0.5139   0.04682   0.05127   0.01444
     17/29     10.1G   0.02524   0.01011  0.006025   0.04138        17       416    0.7147    0.7334    0.7637    0.5212   0.05263   0.04917   0.01569
     18/29     10.2G   0.02492  0.009969  0.005914    0.0408        38       416    0.7457    0.6987    0.7659    0.5283   0.04843   0.05332   0.01444
     19/29     10.2G   0.02443   0.01008  0.005532   0.04005        32       416    0.7772    0.6967    0.7742    0.5324   0.04734   0.05126   0.01424
     20/29     10.2G   0.02404  0.009822  0.005296   0.03916         5       416    0.7525    0.7262    0.7798    0.5425   0.04539   0.05238   0.01368
     21/29     10.3G   0.02383  0.009705  0.005006   0.03854        25       416    0.7436     0.741    0.7888    0.5524   0.04761   0.05191   0.01403
     22/29     10.3G   0.02362   0.00969  0.004848   0.03816        23       416    0.7658    0.7397    0.7969    0.5565   0.04279   0.05561   0.01279
     23/29     10.3G   0.02336   0.00957  0.004806   0.03774        26       416    0.7671    0.7367    0.7973    0.5609   0.04637   0.05293   0.01362
     24/29     10.4G   0.02308  0.009552  0.004645   0.03728        21       416    0.7803    0.7402    0.8042    0.5685   0.04604   0.05349   0.01362
     25/29     10.4G   0.02299  0.009418   0.00448   0.03689        42       416    0.7953      0.73    0.8041    0.5683   0.04742   0.05292   0.01394
     26/29     10.4G   0.02279   0.00931  0.004384   0.03648        17       416    0.7874    0.7413    0.8073    0.5729   0.04539   0.05387   0.01331
     27/29     10.6G    0.0225  0.009306  0.004281   0.03609        20       416    0.7942    0.7383     0.812    0.5761   0.04822   0.05325   0.01379
     28/29     10.6G   0.02235   0.00917  0.004244   0.03577        16       416    0.7882    0.7507    0.8119    0.5775   0.04549   0.05518   0.01281
     29/29     10.6G   0.02219  0.009238  0.004161   0.03559        22       416    0.7784    0.7597    0.8155      0.58   0.04471   0.05583   0.01263
     30/64     8.67G   0.02231  0.009195  0.004091    0.0356        27       416    0.7969    0.7475    0.8173    0.5841   0.04633   0.05453   0.01283
     31/64     9.35G   0.02469  0.009875  0.005412   0.03998        40       416    0.7784    0.7152    0.7879    0.5449   0.04453   0.05233   0.01298
     32/64     9.35G    0.0249  0.009878    0.0056   0.04038        18       416    0.7674    0.7254    0.7906    0.5478   0.04491   0.05406   0.01299
     33/64     9.35G   0.02471   0.01002  0.005702   0.04043        29       416     0.771    0.7357    0.7938    0.5525   0.04584   0.05368   0.01347
     34/64     9.35G   0.02455  0.009816  0.005528   0.03989        24       416    0.7781     0.726     0.797    0.5559   0.05106   0.05074   0.01396
     35/64     9.35G    0.0243   0.00975  0.005296   0.03935        20       416    0.7691     0.741    0.8022    0.5613   0.04725   0.05289   0.01283
     36/64     9.44G   0.02403  0.009677  0.005248   0.03896        19       416    0.7953    0.7278     0.806    0.5681   0.04659   0.05289   0.01318
     37/64     9.44G   0.02396  0.009688  0.005005   0.03865        19       416    0.7774     0.747    0.8068    0.5645   0.04845   0.05296   0.01288
     38/64     9.44G   0.02357  0.009448  0.004848   0.03787        21       416    0.7748    0.7515    0.8115    0.5718   0.04811   0.05226   0.01304
     39/64     9.49G   0.02345  0.009403  0.004821   0.03767        13       416    0.7645    0.7477    0.8052    0.5669   0.04814   0.05223   0.01276
     40/64     9.49G   0.02315  0.009315  0.004502   0.03697        12       416    0.8035    0.7387    0.8121    0.5746   0.04688   0.05297   0.01267
     41/64     9.49G   0.02295  0.009221  0.004441   0.03661        25       416      0.79     0.746    0.8128    0.5759   0.04967    0.0523    0.0131
     42/64     9.59G    0.0228  0.009216   0.00428    0.0363        33       416    0.7925    0.7439    0.8132    0.5789   0.04926   0.05192   0.01276
     43/64     9.59G   0.02266  0.009079  0.004149   0.03589         9       416     0.792    0.7569    0.8186    0.5833   0.04903   0.05213   0.01246
     44/64     9.59G   0.02243  0.009006  0.004097   0.03553        30       416    0.7957    0.7492    0.8183    0.5834   0.04777   0.05233   0.01249
     45/64     9.59G   0.02221  0.009026   0.00399   0.03523        26       416    0.7796    0.7768    0.8223    0.5869   0.04909    0.0526   0.01279
     46/64     9.59G   0.02201  0.008962  0.003797   0.03477        21       416    0.8133    0.7439    0.8223    0.5881   0.05087   0.05199   0.01284
     47/64     9.59G     0.022  0.008837  0.003815   0.03465        17       416    0.7869    0.7659    0.8237    0.5897    0.0503   0.05245   0.01265
     48/64     9.74G   0.02193   0.00873   0.00381   0.03447        38       416    0.7971    0.7664    0.8261      0.59   0.05071   0.05288   0.01252
     49/64     9.74G   0.02166  0.008886  0.003653    0.0342        32       416    0.7988    0.7614    0.8272    0.5949    0.0515   0.05159   0.01294
     50/64     9.74G   0.02149  0.008696  0.003535   0.03372         5       416    0.8138    0.7516    0.8296    0.5972   0.04941   0.05234   0.01241
     51/64     9.74G   0.02132  0.008638  0.003447    0.0334        25       416    0.7926    0.7683    0.8295    0.5963   0.04729    0.0544   0.01188
     52/64     9.74G   0.02127   0.00866  0.003428   0.03336        23       416    0.8103    0.7628    0.8309    0.5971   0.04792   0.05445   0.01203
     53/64     9.74G   0.02126  0.008626  0.003455   0.03334        26       416    0.7775    0.7865    0.8289    0.5975   0.04786   0.05428   0.01195
     54/64     9.89G   0.02114  0.008635  0.003428    0.0332        21       416    0.8067    0.7643    0.8317    0.5987   0.04983   0.05335    0.0125
     55/64      9.9G    0.0212  0.008587  0.003374   0.03316        42       416    0.8116    0.7676    0.8326    0.5991    0.0487   0.05378   0.01224
     56/64      9.9G   0.02108  0.008472  0.003312   0.03286        17       416    0.7986    0.7751    0.8324    0.5994   0.04959   0.05417   0.01259
     57/64      9.9G   0.02088  0.008551  0.003333   0.03277        20       416    0.8056    0.7696    0.8343    0.6014   0.05144   0.05246   0.01297
     58/64      9.9G   0.02084  0.008411  0.003304   0.03256        16       416    0.7947    0.7781    0.8339    0.6031   0.05087   0.05305   0.01279
     59/64      9.9G   0.02073  0.008447  0.003268   0.03245        22       416    0.8166    0.7584    0.8341    0.6021   0.05014    0.0545   0.01243
     60/64       10G   0.02083  0.008366  0.003424   0.03262        14       416    0.8002    0.7778    0.8352     0.606   0.05036   0.05433   0.01234
     61/64       10G   0.02088  0.008526   0.00342   0.03283        14       416    0.8028    0.7767    0.8362    0.6061   0.05022   0.05411   0.01229
     62/64       10G   0.02082  0.008562   0.00341   0.03279        35       416    0.8042    0.7793    0.8367     0.607   0.04926   0.05347   0.01194
     63/64       10G   0.02068  0.008253  0.003218   0.03215         3       416     0.812    0.7713    0.8377    0.6073   0.04887   0.05389   0.01188
     64/64       10G   0.02065  0.008498  0.003334   0.03248        32       416     0.817      0.77    0.8388    0.6078    0.0483   0.05481   0.01176
     65/99      8.7G   0.02046  0.008302  0.002981   0.03174        27       416    0.8024    0.7827    0.8394    0.6079    0.0487   0.05487   0.01186
     66/99     9.34G   0.02121  0.008524  0.003202   0.03293        40       416    0.8115     0.777      0.84    0.6103   0.04975   0.05366   0.01234
     67/99     9.34G   0.02158  0.008567  0.003402   0.03355        18       416    0.7993    0.7837    0.8405    0.6076   0.05063   0.05279    0.0126
     68/99     9.34G   0.02153  0.008705  0.003537   0.03377        29       416    0.7956    0.7841    0.8393    0.6059   0.04997   0.05341   0.01232
     69/99     9.34G   0.02148  0.008604  0.003468   0.03355        24       416    0.8122    0.7717    0.8399    0.6074   0.05004   0.05313   0.01213
     70/99     9.48G   0.02136  0.008537  0.003351   0.03325        20       416    0.7949    0.7874    0.8394    0.6066   0.04981   0.05361   0.01207
     71/99     9.48G   0.02119  0.008497   0.00331     0.033        19       416    0.8068    0.7779    0.8392    0.6067   0.05013   0.05371   0.01212
     72/99     9.48G   0.02136  0.008566  0.003262   0.03319        19       416     0.803    0.7831    0.8386    0.6062   0.05003   0.05377    0.0122
     73/99     9.48G   0.02106  0.008431  0.003312    0.0328        21       416    0.7855    0.7987    0.8394    0.6067   0.04892   0.05435    0.0119
     74/99     9.48G   0.02096  0.008405  0.003224   0.03259        13       416    0.7885     0.794    0.8395    0.6079   0.04915    0.0537   0.01196
     75/99     9.48G    0.0207  0.008322   0.00304   0.03206        12       416    0.7897    0.7945    0.8399    0.6078   0.04931   0.05368   0.01199
     76/99     9.48G   0.02067  0.008255   0.00302   0.03195        25       416    0.7955    0.7909    0.8406    0.6088   0.04913   0.05413   0.01182
     77/99     9.48G   0.02062  0.008272  0.002954   0.03184        33       416    0.7838    0.8005    0.8404    0.6088    0.0488   0.05447   0.01171
     78/99     9.48G   0.02044  0.008188  0.002913   0.03154         9       416    0.8132    0.7753     0.841    0.6097   0.04893   0.05455   0.01168
     79/99     9.48G   0.02029  0.008085  0.002855   0.03123        30       416     0.801    0.7854    0.8409    0.6106   0.04894   0.05484   0.01165
     80/99     9.58G   0.02025  0.008183  0.002849   0.03128        26       416    0.8049    0.7847    0.8413    0.6105    0.0494   0.05467   0.01179
     81/99     9.58G   0.02012  0.008166  0.002757   0.03104        21       416    0.8103     0.781    0.8418    0.6105   0.04927   0.05503   0.01181
     82/99     9.58G   0.02018   0.00801  0.002763   0.03095        17       416    0.8049    0.7861    0.8414    0.6107   0.04933   0.05508   0.01178
     83/99     9.58G    0.0201  0.007919  0.002717   0.03073        38       416    0.8114     0.783    0.8416    0.6112   0.04948   0.05524   0.01178
     84/99     9.58G   0.01996  0.008092  0.002654    0.0307        32       416    0.8038    0.7908     0.842    0.6116   0.04938   0.05553   0.01175
     85/99     9.58G   0.01978  0.007895  0.002549   0.03022         5       416    0.8099    0.7855    0.8423    0.6117   0.04924   0.05566    0.0117
     86/99     9.58G   0.01971  0.007868  0.002576   0.03015        25       416    0.8048    0.7873     0.842    0.6122   0.04936   0.05565   0.01172
     87/99     9.63G    0.0197  0.007948  0.002558   0.03021        23       416     0.813    0.7804    0.8421    0.6117   0.04936   0.05577   0.01172
     88/99     9.63G   0.01977  0.007942   0.00259    0.0303        26       416    0.8119    0.7808     0.842    0.6115   0.04923   0.05593   0.01169
     89/99     9.63G   0.01968   0.00795   0.00258   0.03021        21       416     0.799    0.7919    0.8419    0.6123   0.04927   0.05599   0.01172
     90/99     9.74G    0.0197  0.007906  0.002574   0.03018        42       416    0.8191    0.7726    0.8421    0.6119   0.04933     0.056   0.01175
     91/99     9.74G    0.0197  0.007829  0.002579    0.0301        17       416    0.8225     0.771    0.8422    0.6122   0.04942   0.05598   0.01181
     92/99     9.74G   0.01962  0.007909  0.002564    0.0301        20       416    0.8115    0.7803    0.8421    0.6123   0.04937   0.05606   0.01183
     93/99     9.74G   0.01962  0.007818  0.002597   0.03003        16       416    0.7997    0.7918    0.8424    0.6126   0.04941   0.05602   0.01185
     94/99     9.74G   0.01952  0.007866  0.002592   0.02998        22       416    0.8175    0.7764    0.8424    0.6121   0.04941    0.0561   0.01186
     95/99     9.74G   0.01966  0.007806  0.002686   0.03015        14       416    0.8211    0.7733    0.8426    0.6121   0.04924   0.05627   0.01181
     96/99     9.74G   0.01965  0.007946   0.00267   0.03027        14       416    0.8198    0.7741    0.8417    0.6124   0.04929   0.05629   0.01181
     97/99     9.74G   0.01968  0.007995   0.00274   0.03042        35       416    0.8191    0.7769    0.8424     0.613   0.04926   0.05625   0.01179
     98/99     9.74G   0.01958  0.007705  0.002584   0.02987         3       416    0.8204    0.7761    0.8424     0.613   0.04922   0.05625   0.01178
     99/99     9.74G   0.01963  0.007956  0.002683   0.03027        32       416    0.8176    0.7781    0.8424    0.6133   0.04916   0.05635   0.01177
